111111000000000000000000000000000000000000000000000000000000000000000000000000000000000000000000000000000000000000000000000000000000000000000000000000000000000000000000000000000000000000000000000000
111111000000000000000000000000000000000000000000000000000000000000000000000000000000000000000000000000000000000000000000000000000000000000000000000000000000000000000000000000000000000000000000000001
11111100000000000000000000000000000000000000000000000000000000000000000000000000000000000000000000000000000000000000000000000000000000000000000000000000000000000000000000000000000000000000000000001
1111110000000000000000000000000000000000000000000000000000000000000000000000000000000000000000000000000000000000000000000000000000000000000000000000000000000000000000000000000000000000000000000001
111111000000000000000000000000000000000000000000000000000000000000000000000000000000000000000000000000000000000000000000000000000000000000000000000000000000000000000000000000000000000000000000001
11111100000000000000000000000000000000000000000000000000000000000000000000000000000000000000000000000000000000000000000000000000000000000000000000000000000000000000000000000000000000000000000001
1111110000000000000000000000000000000000000000000000000000000000000000000000000000000000000000000000000000000000000000000000000000000000000000000000000000000000000000000000000000000000000000001
111111000000000000000000000000000000000000000000000000000000000000000000000000000000000000000000000000000000000000000000000000000000000000000000000000000000000000000000000000000000000000000001
11111100000000000000000000000000000000000000000000000000000000000000000000000000000000000000000000000000000000000000000000000000000000000000000000000000000000000000000000000000000000000000001
1111110000000000000000000000000000000000000000000000000000000000000000000000000000000000000000000000000000000000000000000000000000000000000000000000000000000000000000000000000000000000000001
011101
111111000000000000000000000000000000000000000000000000000000000000000000000000000000000000000000000000000000000000000000000000000000000000000000000000000000000000000000000000000000000000001
11111100000000000000000000000000000000000000000000000000000000000000000000000000000000000000000000000000000000000000000000000000000000000000000000000000000000000000000000000000000000000001
1111110000000000000000000000000000000000000000000000000000000000000000000000000000000000000000000000000000000000000000000000000000000000000000000000000000000000000000000000000000000000001
111111000000000000000000000000000000000000000000000000000000000000000000000000000000000000000000000000000000000000000000000000000000000000000000000000000000000000000000000000000000000001
11111100000000000000000000000000000000000000000000000000000000000000000000000000000000000000000000000000000000000000000000000000000000000000000000000000000000000000000000000000000000001
1111110000000000000000000000000000000000000000000000000000000000000000000000000000000000000000000000000000000000000000000000000000000000000000000000000000000000000000000000000000000001
111111000000000000000000000000000000000000000000000000000000000000000000000000000000000000000000000000000000000000000000000000000000000000000000000000000000000000000000000000000000001
11111100000000000000000000000000000000000000000000000000000000000000000000000000000000000000000000000000000000000000000000000000000000000000000000000000000000000000000000000000000001
1111110000000000000000000000000000000000000000000000000000000000000000000000000000000000000000000000000000000000000000000000000000000000000000000000000000000000000000000000000000001
111111000000000000000000000000000000000000000000000000000000000000000000000000000000000000000000000000000000000000000000000000000000000000000000000000000000000000000000000000000001
11111100000000000000000000000000000000000000000000000000000000000000000000000000000000000000000000000000000000000000000000000000000000000000000000000000000000000000000000000000001
1111110000000000000000000000000000000000000000000000000000000000000000000000000000000000000000000000000000000000000000000000000000000000000000000000000000000000000000000000000001
111111000000000000000000000000000000000000000000000000000000000000000000000000000000000000000000000000000000000000000000000000000000000000000000000000000000000000000000000000001
11111100000000000000000000000000000000000000000000000000000000000000000000000000000000000000000000000000000000000000000000000000000000000000000000000000000000000000000000000001
1111110000000000000000000000000000000000000000000000000000000000000000000000000000000000000000000000000000000000000000000000000000000000000000000000000000000000000000000000001
111111000000000000000000000000000000000000000000000000000000000000000000000000000000000000000000000000000000000000000000000000000000000000000000000000000000000000000000000001
11111100000000000000000000000000000000000000000000000000000000000000000000000000000000000000000000000000000000000000000000000000000000000000000000000000000000000000000000001
1111110000000000000000000000000000000000000000000000000000000000000000000000000000000000000000000000000000000000000000000000000000000000000000000000000000000000000000000001
111111000000000000000000000000000000000000000000000000000000000000000000000000000000000000000000000000000000000000000000000000000000000000000000000000000000000000000000001
11111100000000000000000000000000000000000000000000000000000000000000000000000000000000000000000000000000000000000000000000000000000000000000000000000000000000000000000001
1111110000000000000000000000000000000000000000000000000000000000000000000000000000000000000000000000000000000000000000000000000000000000000000000000000000000000000000001
111111000000000000000000000000000000000000000000000000000000000000000000000000000000000000000000000000000000000000000000000000000000000000000000000000000000000000000001
11111100000000000000000000000000000000000000000000000000000000000000000000000000000000000000000000000000000000000000000000000000000000000000000000000000000000000000001
1111110000000000000000000000000000000000000000000000000000000000000000000000000000000000000000000000000000000000000000000000000000000000000000000000000000000000000001
111111000000000000000000000000000000000000000000000000000000000000000000000000000000000000000000000000000000000000000000000000000000000000000000000000000000000000001
11111100000000000000000000000000000000000000000000000000000000000000000000000000000000000000000000000000000000000000000000000000000000000000000000000000000000000001
1111110000000000000000000000000000000000000000000000000000000000000000000000000000000000000000000000000000000000000000000000000000000000000000000000000000000000001
111111000000000000000000000000000000000000000000000000000000000000000000000000000000000000000000000000000000000000000000000000000000000000000000000000000000000001
11111100000000000000000000000000000000000000000000000000000000000000000000000000000000000000000000000000000000000000000000000000000000000000000000000000000000001
1111110000000000000000000000000000000000000000000000000000000000000000000000000000000000000000000000000000000000000000000000000000000000000000000000000000000001
111111000000000000000000000000000000000000000000000000000000000000000000000000000000000000000000000000000000000000000000000000000000000000000000000000000000001
11111100000000000000000000000000000000000000000000000000000000000000000000000000000000000000000000000000000000000000000000000000000000000000000000000000000001
010101
1111110000000000000000000000000000000000000000000000000000000000000000000000000000000000000000000000000000000000000000000000000000000000000000000000000000001
111111000000000000000000000000000000000000000000000000000000000000000000000000000000000000000000000000000000000000000000000000000000000000000000000000000001
11111100000000000000000000000000000000000000000000000000000000000000000000000000000000000000000000000000000000000000000000000000000000000000000000000000001
110001
100000
100101
111001
010111
010001
111000
101010
11111101
101001
011011
1111110000000000000000000000000000000000000000000000000000000000000000000000000000000000000000000000000000000000000000000000000000000000000000000000000001
111111000000000000000000000000000000000000000000000000000000000000000000000000000000000000000000000000000000000000000000000000000000000000000000000000001
11111100000000000000000000000000000000000000000000000000000000000000000000000000000000000000000000000000000000000000000000000000000000000000000000000001
1111110000000000000000000000000000000000000000000000000000000000000000000000000000000000000000000000000000000000000000000000000000000000000000000000001
111111000000000000000000000000000000000000000000000000000000000000000000000000000000000000000000000000000000000000000000000000000000000000000000000001
11111100000000000000000000000000000000000000000000000000000000000000000000000000000000000000000000000000000000000000000000000000000000000000000000001
1111110000000000000000000000000000000000000000000000000000000000000000000000000000000000000000000000000000000000000000000000000000000000000000000001
000001
011000
001101
100010
101011
000110
001011
111011
110100
101101
000010
110101
001010
110011
000101
100100
001000
111110
011001
101100
100011
100001
111100
001100
110010
111101
111111000000000000000000000000000000000000000000000000000000000000000000000000000000000000000000000000000000000000000000000000000000000000000000001
11111100000000000000000000000000000000000000000000000000000000000000000000000000000000000000000000000000000000000000000000000000000000000000000001
1111110000000000000000000000000000000000000000000000000000000000000000000000000000000000000000000000000000000000000000000000000000000000000000001
111111000000000000000000000000000000000000000000000000000000000000000000000000000000000000000000000000000000000000000000000000000000000000000001
11111100000000000000000000000000000000000000000000000000000000000000000000000000000000000000000000000000000000000000000000000000000000000000001
1111110000000000000000000000000000000000000000000000000000000000000000000000000000000000000000000000000000000000000000000000000000000000000001
010011
001111
110111
010100
111010
101111
1111111
010010
010000
110110
001110
110000
011010
011111
101110
000000
100110
010110
100111
000100
011110
000011
001001
000111
101000
011100
111111000000000000000000000000000000000000000000000000000000000000000000000000000000000000000000000000000000000000000000000000000000000000001
11111100000000000000000000000000000000000000000000000000000000000000000000000000000000000000000000000000000000000000000000000000000000000001
1111110000000000000000000000000000000000000000000000000000000000000000000000000000000000000000000000000000000000000000000000000000000000001
111111000000000000000000000000000000000000000000000000000000000000000000000000000000000000000000000000000000000000000000000000000000000001
11111100000000000000000000000000000000000000000000000000000000000000000000000000000000000000000000000000000000000000000000000000000000001
1111110000000000000000000000000000000000000000000000000000000000000000000000000000000000000000000000000000000000000000000000000000000001
111111000000000000000000000000000000000000000000000000000000000000000000000000000000000000000000000000000000000000000000000000000000001
11111100000000000000000000000000000000000000000000000000000000000000000000000000000000000000000000000000000000000000000000000000000001
1111110000000000000000000000000000000000000000000000000000000000000000000000000000000000000000000000000000000000000000000000000000001
111111000000000000000000000000000000000000000000000000000000000000000000000000000000000000000000000000000000000000000000000000000001
11111100000000000000000000000000000000000000000000000000000000000000000000000000000000000000000000000000000000000000000000000000001
1111110000000000000000000000000000000000000000000000000000000000000000000000000000000000000000000000000000000000000000000000000001
111111000000000000000000000000000000000000000000000000000000000000000000000000000000000000000000000000000000000000000000000000001
11111100000000000000000000000000000000000000000000000000000000000000000000000000000000000000000000000000000000000000000000000001
1111110000000000000000000000000000000000000000000000000000000000000000000000000000000000000000000000000000000000000000000000001
111111000000000000000000000000000000000000000000000000000000000000000000000000000000000000000000000000000000000000000000000001
11111100000000000000000000000000000000000000000000000000000000000000000000000000000000000000000000000000000000000000000000001
1111110000000000000000000000000000000000000000000000000000000000000000000000000000000000000000000000000000000000000000000001
111111000000000000000000000000000000000000000000000000000000000000000000000000000000000000000000000000000000000000000000001
11111100000000000000000000000000000000000000000000000000000000000000000000000000000000000000000000000000000000000000000001
1111110000000000000000000000000000000000000000000000000000000000000000000000000000000000000000000000000000000000000000001
111111000000000000000000000000000000000000000000000000000000000000000000000000000000000000000000000000000000000000000001
11111100000000000000000000000000000000000000000000000000000000000000000000000000000000000000000000000000000000000000001
1111110000000000000000000000000000000000000000000000000000000000000000000000000000000000000000000000000000000000000001
111111000000000000000000000000000000000000000000000000000000000000000000000000000000000000000000000000000000000000001
11111100000000000000000000000000000000000000000000000000000000000000000000000000000000000000000000000000000000000001
1111110000000000000000000000000000000000000000000000000000000000000000000000000000000000000000000000000000000000001
111111000000000000000000000000000000000000000000000000000000000000000000000000000000000000000000000000000000000001
11111100000000000000000000000000000000000000000000000000000000000000000000000000000000000000000000000000000000001
1111110000000000000000000000000000000000000000000000000000000000000000000000000000000000000000000000000000000001
111111000000000000000000000000000000000000000000000000000000000000000000000000000000000000000000000000000000001
11111100000000000000000000000000000000000000000000000000000000000000000000000000000000000000000000000000000001
1111110000000000000000000000000000000000000000000000000000000000000000000000000000000000000000000000000000001
111111000000000000000000000000000000000000000000000000000000000000000000000000000000000000000000000000000001
11111100000000000000000000000000000000000000000000000000000000000000000000000000000000000000000000000000001
1111110000000000000000000000000000000000000000000000000000000000000000000000000000000000000000000000000001
111111000000000000000000000000000000000000000000000000000000000000000000000000000000000000000000000000001
11111100000000000000000000000000000000000000000000000000000000000000000000000000000000000000000000000001
1111110000000000000000000000000000000000000000000000000000000000000000000000000000000000000000000000001
111111000000000000000000000000000000000000000000000000000000000000000000000000000000000000000000000001
11111100000000000000000000000000000000000000000000000000000000000000000000000000000000000000000000001
1111110000000000000000000000000000000000000000000000000000000000000000000000000000000000000000000001
111111000000000000000000000000000000000000000000000000000000000000000000000000000000000000000000001
11111100000000000000000000000000000000000000000000000000000000000000000000000000000000000000000001
1111110000000000000000000000000000000000000000000000000000000000000000000000000000000000000000001
111111000000000000000000000000000000000000000000000000000000000000000000000000000000000000000001
11111100000000000000000000000000000000000000000000000000000000000000000000000000000000000000001
1111110000000000000000000000000000000000000000000000000000000000000000000000000000000000000001
111111000000000000000000000000000000000000000000000000000000000000000000000000000000000000001
11111100000000000000000000000000000000000000000000000000000000000000000000000000000000000001
1111110000000000000000000000000000000000000000000000000000000000000000000000000000000000001
111111000000000000000000000000000000000000000000000000000000000000000000000000000000000001
11111100000000000000000000000000000000000000000000000000000000000000000000000000000000001
1111110000000000000000000000000000000000000000000000000000000000000000000000000000000001
111111000000000000000000000000000000000000000000000000000000000000000000000000000000001
11111100000000000000000000000000000000000000000000000000000000000000000000000000000001
1111110000000000000000000000000000000000000000000000000000000000000000000000000000001
111111000000000000000000000000000000000000000000000000000000000000000000000000000001
11111100000000000000000000000000000000000000000000000000000000000000000000000000001
1111110000000000000000000000000000000000000000000000000000000000000000000000000001
111111000000000000000000000000000000000000000000000000000000000000000000000000001
11111100000000000000000000000000000000000000000000000000000000000000000000000001
1111110000000000000000000000000000000000000000000000000000000000000000000000001
111111000000000000000000000000000000000000000000000000000000000000000000000001
11111100000000000000000000000000000000000000000000000000000000000000000000001
1111110000000000000000000000000000000000000000000000000000000000000000000001
111111000000000000000000000000000000000000000000000000000000000000000000001
11111100000000000000000000000000000000000000000000000000000000000000000001
1111110000000000000000000000000000000000000000000000000000000000000000001
111111000000000000000000000000000000000000000000000000000000000000000001
11111100000000000000000000000000000000000000000000000000000000000000001
1111110000000000000000000000000000000000000000000000000000000000000001
111111000000000000000000000000000000000000000000000000000000000000001
11111100000000000000000000000000000000000000000000000000000000000001
1111110000000000000000000000000000000000000000000000000000000000001
111111000000000000000000000000000000000000000000000000000000000001
11111100000000000000000000000000000000000000000000000000000000001
1111110000000000000000000000000000000000000000000000000000000001
111111000000000000000000000000000000000000000000000000000000001
11111100000000000000000000000000000000000000000000000000000001
1111110000000000000000000000000000000000000000000000000000001
111111000000000000000000000000000000000000000000000000000001
11111100000000000000000000000000000000000000000000000000001
1111110000000000000000000000000000000000000000000000000001
111111000000000000000000000000000000000000000000000000001
11111100000000000000000000000000000000000000000000000001
1111110000000000000000000000000000000000000000000000001
111111000000000000000000000000000000000000000000000001
11111100000000000000000000000000000000000000000000001
1111110000000000000000000000000000000000000000000001
111111000000000000000000000000000000000000000000001
11111100000000000000000000000000000000000000000001
1111110000000000000000000000000000000000000000001
111111000000000000000000000000000000000000000001
11111100000000000000000000000000000000000000001
1111110000000000000000000000000000000000000001
111111000000000000000000000000000000000000001
11111100000000000000000000000000000000000001
1111110000000000000000000000000000000000001
111111000000000000000000000000000000000001
11111100000000000000000000000000000000001
1111110000000000000000000000000000000001
111111000000000000000000000000000000001
11111100000000000000000000000000000001
1111110000000000000000000000000000001
111111000000000000000000000000000001
11111100000000000000000000000000001
1111110000000000000000000000000001
111111000000000000000000000000001
11111100000000000000000000000001
1111110000000000000000000000001
111111000000000000000000000001
11111100000000000000000000001
1111110000000000000000000001
111111000000000000000000001
11111100000000000000000001
1111110000000000000000001
111111000000000000000001
11111100000000000000001
1111110000000000000001
111111000000000000001
11111100000000000001
1111110000000000001
111111000000000001
11111100000000001
1111110000000001
111111000000001
11111100000001
1111110000001
111111000001
11111100001
1111110001
111111001
